%Test2
abort(84);
Sequence = [[120, 250, 0], [135, 220, 0], [145, 200, 0], [155, 180, 0],[170, 155, 0], [165, 130, 0], [160, 100, 0], [160, 80, 0]]; 


DragDomino(84, [0, 433, 0], Sequence)